1 0.17276964047936083 0.44607190412782954 0.11984021304926767 0.19973368841544606
1 0.2197070572569907 0.37749667110519314 0.09387483355525962 0.1584553928095872
1 0.5357856191744341 0.37683089214380827 0.08488681757656458 0.12516644474034622
1 0.6216711051930759 0.26764314247669774 0.06890812250332885 0.085219707057257
1 0.4159454061251664 0.19840213049267647 0.06491344873501995 0.07190412782956056
0 0.29933668311489375 0.22425518794519167 0.17411363381648534 0.09720372836218454
0 0.3671011091956408 0.21711285163412467 0.19044512028149282 0.07112690034781095
0 0.4868813163223421 0.36873104313093064 0.08089214380825557 0.246338215712384
0 0.7769640479360851 0.5359520639147803 0.007989347536617827 0.00932090545938756
0 0.5658110315680495 0.22577363629599786 0.11975318876440469 0.08388814913449938
